    µm         	nm
   0.000	-599.058
   0.039	-601.264
   0.078	-608.647
   0.117	-612.290
   0.157	-610.208
   0.196	-600.446
   0.235	-596.382
   0.274	-598.910
   0.313	-599.678
   0.352	-599.925
   0.391	-594.425
   0.431	-588.082
   0.470	-585.728
   0.509	-579.087
   0.548	-570.192
   0.587	-564.964
   0.626	-560.900
   0.665	-562.858
   0.705	-564.493
   0.744	-557.877
   0.783	-557.803
   0.822	-562.040
   0.861	-562.833
   0.900	-557.902
   0.939	-554.136
   0.978	-548.908
   1.018	-542.862
   1.057	-545.959
   1.096	-544.175
   1.135	-537.262
   1.174	-535.181
   1.213	-532.281
   1.252	-524.774
   1.292	-516.721
   1.331	-508.941
   1.370	-502.870
   1.409	-500.516
   1.448	-490.456
   1.487	-483.246
   1.526	-467.760
   1.566	-454.280
   1.605	-445.930
   1.644	-429.577
   1.683	-415.230
   1.722	-407.450
   1.761	-396.820
   1.800	-381.334
   1.840	-361.264
   1.879	-344.043
   1.918	-329.424
   1.957	-313.938
   1.996	-297.609
   2.035	-283.535
   2.074	-270.031
   2.114	-251.993
   2.153	-228.775
   2.192	-209.027
   2.231	-194.086
   2.270	-174.586
   2.309	-149.957
   2.348	-131.621
   2.388	-116.432
   2.427	 -98.641
   2.466	 -82.858
   2.505	 -64.225
   2.544	 -45.319
   2.583	 -31.245
   2.622	 -16.601
   2.662	  -8.276
   2.701	  15.238
   2.740	  39.001
   2.779	  53.644
   2.818	  64.249
   2.857	  79.463
   2.896	  92.670
   2.935	 107.016
   2.975	 129.936
   3.014	 144.877
   3.053	 153.772
   3.092	 167.846
   3.131	 181.350
   3.170	 195.672
   3.209	 212.893
   3.249	 226.099
   3.288	 238.142
   3.327	 252.216
   3.366	 254.000
   3.405	 257.468
   3.444	 263.242
   3.483	 274.739
   3.523	 281.082
   3.562	 284.576
   3.601	 288.664
   3.640	 292.728
   3.679	 295.329
   3.718	 296.543
   3.757	 304.324
   3.797	 310.964
   3.836	 307.322
   3.875	 301.945
   3.914	 300.582
   3.953	 302.366
   3.992	 298.402
   4.031	 294.189
   4.071	 292.257
   4.110	 281.156
   4.149	 272.682
   4.188	 264.159
   4.227	 259.352
   4.266	 250.853
   4.305	 244.064
   4.345	 235.837
   4.384	 220.202
   4.423	 208.532
   4.462	 193.442
   4.501	 181.524
   4.540	 165.839
   4.579	 157.613
   4.618	 150.551
   4.658	 142.622
   4.697	 137.245
   4.736	 134.173
   4.775	 124.782
   4.814	 110.014
   4.853	 102.358
   4.892	  97.279
   4.932	  90.217
   4.971	  80.256
   5.010	  71.485
   5.049	  63.828
   5.088	  62.713
   5.127	  59.368
   5.166	  48.862
   5.206	  34.342
   5.245	  28.396
   5.284	  23.886
   5.323	  16.824
   5.362	   9.738
   5.401	   0.644
   5.440	   2.156
   5.480	   3.642
   5.519	   2.577
   5.558	   1.487
   5.597	  -1.611
   5.636	  -9.242
   5.675	 -21.210
   5.714	 -30.551
   5.754	 -31.914
   5.793	 -36.721
   5.832	 -42.370
   5.871	 -48.020
   5.910	 -51.662
   5.949	 -48.763
   5.988	 -47.549
   6.028	 -50.052
   6.067	 -49.407
   6.106	 -50.498
   6.145	 -56.717
   6.184	 -54.090
   6.223	 -46.880
   6.262	 -48.268
   6.302	 -51.340
   6.341	 -53.273
   6.380	 -49.506
   6.419	 -49.160
   6.458	 -46.236
   6.497	 -39.595
   6.536	 -36.399
   6.575	 -29.734
   6.615	 -19.129
   6.654	 -10.209
   6.693	  -3.271
   6.732	  -2.949
   6.771	   7.706
   6.810	  15.189
   6.849	  30.973
   6.889	  49.011
   6.928	  60.508
   6.967	  68.288
   7.006	  80.355
   7.045	  94.702
   7.084	 107.908
   7.123	 126.541
   7.163	 141.730
   7.202	 149.808
   7.241	 160.438
   7.280	 176.221
   7.319	 192.847
   7.358	 208.334
   7.397	 216.411
   7.437	 228.181
   7.476	 246.219
   7.515	 260.293
   7.554	 270.056
   7.593	 285.294
   7.632	 303.060
   7.671	 317.704
   7.711	 333.463
   7.750	 339.806
   7.789	 342.432
   7.828	 355.094
   7.867	 368.846
   7.906	 373.479
   7.945	 382.127
   7.985	 392.459
   8.024	 395.953
   8.063	 403.733
   8.102	 413.793
   8.141	 429.279
   8.180	 437.629
   8.219	 443.403
   8.258	 451.480
   8.298	 454.082
   8.337	 459.310
   8.376	 468.206
   8.415	 469.122
   8.454	 479.182
   8.493	 484.410
   8.532	 485.327
   8.572	 487.978
   8.611	 492.042
   8.650	 500.392
   8.689	 502.424
   8.728	 503.638
   8.767	 506.859
   8.806	 516.349
   8.846	 518.976
   8.885	 514.466
   8.924	 520.834
   8.963	 526.310
   9.002	 526.360
   9.041	 528.416
   9.080	 523.907
   9.120	 524.253
   9.159	 523.758
   9.198	 528.689
   9.237	 534.165
   9.276	 539.938
   9.315	 538.550
   9.354	 544.918
   9.394	 547.842
   9.433	 547.916
   9.472	 548.833
   9.511	 558.026
   9.550	 562.387
   9.589	 567.293
   9.628	 569.919
   9.668	 572.571
   9.707	 578.616
   9.746	 577.824
   9.785	 581.020
   9.824	 590.510
   9.863	 594.871
   9.902	 589.816
   9.942	 587.289
   9.981	 593.062
  10.020	 600.842
  10.059	 602.899
  10.098	 603.816
  10.137	 605.600
  10.176	 610.803
  10.215	 613.430
  10.255	 598.637
  10.294	 594.697
  10.333	 600.768
  10.372	 605.104
  10.411	 608.300
  10.450	 610.952
  10.489	 618.435
  10.529	 623.663
  10.568	 625.992
  10.607	 632.063
  10.646	 627.826
  10.685	 621.904
  10.724	 615.090
  10.763	 611.447
  10.803	 611.794
  10.842	 609.837
  10.881	 612.488
  10.920	 618.534
  10.959	 621.482
  10.998	 614.371
  11.037	 602.453
  11.077	 597.671
  11.116	 589.444
  11.155	 587.214
  11.194	 582.407
  11.233	 574.478
  11.272	 567.987
  11.311	 555.449
  11.351	 537.807
  11.390	 526.161
  11.429	 509.932
  11.468	 493.157
  11.507	 464.935
  11.546	 438.695
  11.585	 408.466
  11.625	 365.402
  11.664	 332.868
  11.703	 296.370
  11.742	 267.305
  11.781	 229.643
  11.820	 177.708
  11.859	 133.207
  11.898	  88.135
  11.938	  39.893
  11.977	  -9.168
  12.016	 -56.246
  12.055	-105.901
  12.094	-138.385
  12.133	-176.915
  12.172	-212.571
  12.212	-241.660
  12.251	-274.169
  12.290	-300.657
  12.329	-334.330
  12.368	-366.269
  12.407	-389.907
  12.446	-417.559
  12.486	-441.197
  12.525	-465.430
  12.564	-479.653
  12.603	-491.299
  12.642	-511.815
  12.681	-531.736
  12.720	-553.665
  12.760	-564.171
  12.799	-581.268
  12.838	-598.340
  12.877	-607.161
  12.916	-613.083
  12.955	-627.875
  12.994	-646.954
  13.034	-655.750
  13.073	-663.977
  13.112	-681.619
  13.151	-689.300
  13.190	-698.369
  13.229	-710.014
  13.268	-715.639
  13.308	-727.012
  13.347	-736.948
  13.386	-743.465
  13.425	-748.841
  13.464	-752.781
  13.503	-757.291
  13.542	-759.521
  13.582	-761.453
  13.621	-755.953
  13.660	-752.186
  13.699	-752.707
  13.738	-757.489
  13.777	-757.712
  13.816	-756.498
  13.855	-756.448
  13.895	-755.234
  13.934	-747.454
  13.973	-741.111
  14.012	-727.904
  14.051	-718.984
  14.090	-714.350
  14.129	-702.284
  14.169	-687.392
  14.208	-672.153
  14.247	-661.524
  14.286	-652.034
  14.325	-631.716
  14.364	-603.370
  14.403	-581.590
  14.443	-560.652
  14.482	-537.757
  14.521	-516.820
  14.560	-488.474
  14.599	-460.128
  14.638	-433.492
  14.677	-401.726
  14.717	-373.653
  14.756	-349.023
  14.795	-319.240
  14.834	-300.904
  14.873	-270.279
  14.912	-237.919
  14.951	-212.719
  14.991	-185.810
  15.030	-159.149
  15.069	-131.398
  15.108	 -99.930
  15.147	 -73.269
  15.186	 -44.353
  15.225	  -7.731
  15.265	  21.458
  15.304	  52.133
  15.343	  75.028
  15.382	 108.255
  15.421	 133.727
  15.460	 158.951
  15.499	 186.133
  15.539	 216.486
  15.578	 247.111
  15.617	 268.619
  15.656	 291.811
  15.695	 314.730
  15.734	 338.195
  15.773	 367.409
  15.812	 387.776
  15.852	 403.262
  15.891	 415.899
  15.930	 431.088
  15.969	 453.438
  16.008	 470.064
  16.047	 481.288
  16.086	 495.610
  16.126	 511.666
  16.165	 519.174
  16.204	 530.374
  16.243	 539.591
  16.282	 541.350
  16.321	 539.145
  16.360	 539.764
  16.400	 537.559
  16.439	 533.322
  16.478	 529.382
  16.517	 522.023
  16.556	 508.668
  16.595	 494.445
  16.634	 474.499
  16.674	 461.986
  16.713	 450.043
  16.752	 434.706
  16.791	 402.172
  16.830	 375.387
  16.869	 352.864
  16.908	 337.526
  16.948	 315.300
  16.987	 292.505
  17.026	 261.705
  17.065	 239.480
  17.104	 211.257
  17.143	 173.322
  17.182	 138.237
  17.222	 116.011
  17.261	  90.663
  17.300	  79.290
  17.339	  56.766
  17.378	  25.422
  17.417	   6.046
  17.456	 -11.596
  17.495	 -32.707
  17.535	 -44.055
  17.574	 -61.425
  17.613	 -83.626
  17.652	 -97.279
  17.691	-111.229
  17.730	-120.595
  17.769	-133.677
  17.809	-153.326
  17.848	-164.700
  17.887	-179.765
  17.926	-191.138
  17.965	-204.493
  18.004	-214.726
  18.043	-216.114
  18.083	-225.158
  18.122	-238.241
  18.161	-247.632
  18.200	-255.561
  18.239	-264.629
  18.278	-279.422
  18.317	-289.928
  18.357	-293.867
  18.396	-299.244
  18.435	-309.750
  18.474	-315.994
  18.513	-323.923
  18.552	-327.565
  18.591	-331.208
  18.631	-340.574
  18.670	-334.801
  18.709	-337.303
  18.748	-347.537
  18.787	-350.336
  18.826	-354.846
  18.865	-351.055
  18.905	-348.998
  18.944	-350.659
  18.983	-345.183
  19.022	-344.811
  19.061	-347.041
  19.100	-348.106
  19.139	-341.491
  19.179	-337.130
  19.218	-339.062
  19.257	-341.590
  19.296	-340.673
  19.335	-333.463
  19.374	-323.973
  19.413	-318.769
  19.452	-314.408
  19.492	-309.478
  19.531	-312.005
  19.570	-310.518
  19.609	-309.874
  19.648	-298.129
  19.687	-294.313
  19.726	-287.698
  19.766	-283.064
  19.805	-274.441
