400.080273
404.986328
410.332517
414.338127
420.117888
425.002787
430.325822
435.199803
440.068539
444.932012
450.231598
455.084015
459.931121
465.212794
470.048740
475.318201
480.142917
485.400088
490.213503
495.021488
500.260351
505.056931
510.283313
515.068418
520.282243
525.055801
530.256992
535.018933
540.207413
544.957666
550.133358
555.302346
560.034679
565.190762
569.911230
575.054330
580.190627
585.320098
590.016100
595.132432
600.241877
604.919468
610.015657
615.104898
620.187171
625.262455
629.908641
634.970471
640.025250
645.072958
650.113574
655.147077
660.173445
665.192659
670.204697
675.209537
680.207160
685.197544
690.180668
695.156511
700.125053
705.086272
710.040147
715.398534
720.337042
725.268143
730.191814
735.108035
740.016785
744.918042
750.219260
755.104842
759.982867
765.258842
770.121057
774.975651
780.226169
785.064818
790.298013
795.120625
799.935508
805.142885
809.941597
815.131406
819.913857
825.086000
830.248917
835.006476
840.151578
845.287377
850.019834




















































